%YAML:1.0
---
calibration_time: "2018年11月30日 星期五 04时01分58秒"
image_width: 2592
image_height: 1944
flags: 0
camera_matrix: !!opencv-matrix
   rows: 3
   cols: 3
   dt: d
   data: [ 4.7844177551300811e+02, 0., 1.2959997053165057e+03, 0.,
       1.3001382314467342e+03, 9.7199996470760254e+02, 0., 0., 1. ]
distortion_coefficients: !!opencv-matrix
   rows: 1
   cols: 5
   dt: d
   data: [ -2.5704629669734576e-02, 1.5333765977963650e-04,
       -1.5235138440836797e-03, 1.5327532638319420e-02,
       -2.3449951261430338e-07 ]
avg_reprojection_error: 1.1793338989564708e+02
